{
 "cells": [
  {
   "cell_type": "markdown",
   "id": "65b8bfcd",
   "metadata": {},
   "source": [
    "# Data Understanding"
   ]
  },
  {
   "cell_type": "markdown",
   "id": "59854d2a",
   "metadata": {},
   "source": [
    "\n",
    "\n",
    "\n",
    "Data Iris terdiri dari 5 kolom:\n",
    "* Sepal_length\n",
    "* Sepal_width\n",
    "* Petal_length\n",
    "* Petal_width\n",
    "* Species"
   ]
  },
  {
   "cell_type": "markdown",
   "id": "4cb2591e",
   "metadata": {},
   "source": [
    "Screenshoot Orange"
   ]
  },
  {
   "cell_type": "markdown",
   "id": "46e6b1c0",
   "metadata": {},
   "source": [
    "![Irisi_Orange](image/orange2.png)"
   ]
  },
  {
   "cell_type": "code",
   "execution_count": 395,
   "id": "dd84cbbf",
   "metadata": {},
   "outputs": [],
   "source": [
    "from statistics import variance\n",
    "\n",
    "import psycopg\n",
    "from math import sqrt\n",
    "from itertools import count\n",
    "\n",
    "from zmq import has\n",
    "\n",
    "conn = psycopg.connect(\n",
    "    host=\"localhost\",\n",
    "    dbname=\"pendat\",\n",
    "    user=\"postgres\",\n",
    "    password=\"rafif123\",\n",
    "    port = 5432\n",
    ")\n",
    "\n",
    "cur = conn.cursor()\n",
    "cur.execute(\"SELECT * FROM data_iris\")\n",
    "potgress = cur.fetchall()\n",
    "\n",
    "data = [list(row) for row in potgress]\n",
    "\n",
    "nama_kolom = []\n",
    "for i in cur.description:\n",
    "    nama_kolom.append(i[0])\n",
    "\n",
    "# def read_csv(file_path):\n",
    "#     with open(file_path, mode='r') as file:\n",
    "#         csv_reader = csv.reader(file,delimiter=';')\n",
    "#         data = [row for row in csv_reader]\n",
    "#     return data\n",
    "\n",
    "\n",
    "def missing(data,colom):\n",
    "    count = 0\n",
    "    for row in data:\n",
    "        if row[colom] == '' or row[colom] is None:\n",
    "            count += 1\n",
    "    return count\n",
    "\n",
    "def mean(data,colom):\n",
    "    hasil = 0\n",
    "    count = 0\n",
    "    for row in data:\n",
    "        hasil += float(row[colom])\n",
    "        count += 1\n",
    "    \n",
    "    hasil /= count\n",
    "    hasil = round(hasil,3)\n",
    "    return hasil\n",
    "\n",
    "def mode(data,colom):\n",
    "    count = {}\n",
    "    for row in data:\n",
    "        nilai = row[colom]\n",
    "        if nilai in count:\n",
    "            count[nilai] += 1\n",
    "        else:\n",
    "            count[nilai] = 1\n",
    "    \n",
    "    hasil = 0\n",
    "    value_awal = 0\n",
    "    for key,value in count.items():\n",
    "        if value > value_awal:\n",
    "            value_awal = value\n",
    "            hasil = key    \n",
    "    return hasil \n",
    "\n",
    "def median(data,colom):\n",
    "    nilai = len(data)\n",
    "    sort = []\n",
    "    for row in data:\n",
    "        sort.append(float(row[colom]))\n",
    "    sort.sort()\n",
    "\n",
    "    if nilai % 2 == 0:\n",
    "        median1 = sort[nilai // 2]  \n",
    "        median2  = sort[nilai // 2 - 1]\n",
    "        hasil = (median1 + median2) / 2\n",
    "    else:\n",
    "        hasil = sort[nilai // 2]\n",
    "    hasil = round(hasil,3)\n",
    "    return hasil\n",
    "\n",
    "def dispertion(data,colom):\n",
    "    hasil = 0\n",
    "    rata_rata = mean(data,colom)\n",
    "    for row in data:\n",
    "        nilai = float(row[colom])\n",
    "        selisih = nilai - rata_rata\n",
    "        hasil += selisih ** 2\n",
    "    variance = hasil / (len(data) - 1)\n",
    "    std = sqrt(variance)\n",
    "    return std\n",
    "\n",
    "def max(data,colom):\n",
    "    hasil = 0\n",
    "    for row in data:\n",
    "        nilai = float(row[colom])\n",
    "        if nilai > hasil:\n",
    "            hasil = nilai\n",
    "    return hasil\n",
    "\n",
    "def min(data,colom):\n",
    "    hasil = float(data[1][colom])\n",
    "    for row in data:\n",
    "        nilai = float(row[colom])\n",
    "        if nilai < hasil:\n",
    "            hasil = nilai\n",
    "    return hasil\n",
    "\n",
    "def deviation(data,colom):\n",
    "    hasil = 0\n",
    "    rata_rata = mean(data,colom)\n",
    "    for row in data:\n",
    "        nilai = float(row[colom])\n",
    "        selisih = nilai - rata_rata\n",
    "        hasil += selisih ** 2\n",
    "    hasil /= len(data)\n",
    "    hasil = round(hasil,3)\n",
    "    return hasil\n",
    "\n",
    "\n",
    "def normalisasi(data,colom):\n",
    "    hasil = []\n",
    "    rata_rata = mean(data,colom)\n",
    "    deviasi = deviation(data,colom)\n",
    "    for row in data:\n",
    "        nilai = float(row[colom])\n",
    "        normal = (nilai - rata_rata) / sqrt(deviasi)\n",
    "        hasil.append(round(normal,3))\n",
    "    \n",
    "    for i in range(len(data)):\n",
    "        data[i][colom] = hasil[i]\n",
    "    return data\n",
    "\n",
    "def euclidean(data):     \n",
    "    for row_i in data:\n",
    "        jarak = []\n",
    "        for row_j in data:\n",
    "            total_kuadrat = 0\n",
    "            for k in range(len(data[0]) - 1):\n",
    "                total_kuadrat += (float(row_i[k]) - float(row_j[k])) ** 2\n",
    "            jarak.append(round(sqrt(total_kuadrat),3))\n",
    "        print(jarak)\n",
    "\n",
    "def manhattan(data):     \n",
    "    for row_i in data:\n",
    "        jarak = []\n",
    "        for row_j in data:\n",
    "            total_kuadrat = 0\n",
    "            for k in range(len(data[0]) - 1):\n",
    "                total_kuadrat += abs(float(row_i[k]) - float(row_j[k]))\n",
    "            jarak.append(round(total_kuadrat,3))\n",
    "        print(jarak)"
   ]
  },
  {
   "cell_type": "markdown",
   "id": "0b1e88ea",
   "metadata": {},
   "source": [
    "# Feature statistics\n",
    "\n",
    "![statistic](image/statistik.png)"
   ]
  },
  {
   "cell_type": "markdown",
   "id": "78892e7b",
   "metadata": {},
   "source": [
    "## Missing"
   ]
  },
  {
   "cell_type": "code",
   "execution_count": 396,
   "id": "c64a9c0f",
   "metadata": {},
   "outputs": [
    {
     "name": "stdout",
     "output_type": "stream",
     "text": [
      "Missing dari sepal_length = 0\n",
      "Missing dari sepal_width = 0\n",
      "Missing dari petal_length = 0\n",
      "Missing dari petal_width = 0\n"
     ]
    }
   ],
   "source": [
    "for i in range(0,len(data[0])-1):\n",
    "    print(f\"Missing dari {nama_kolom[i]} = {missing(data,i)}\")"
   ]
  },
  {
   "cell_type": "markdown",
   "id": "35c1f9f3",
   "metadata": {},
   "source": [
    "## Mean\n"
   ]
  },
  {
   "cell_type": "code",
   "execution_count": 397,
   "id": "78e5ba4a",
   "metadata": {},
   "outputs": [
    {
     "name": "stdout",
     "output_type": "stream",
     "text": [
      "Mean dari sepal_length = 5.843\n",
      "Mean dari sepal_width = 3.054\n",
      "Mean dari petal_length = 3.759\n",
      "Mean dari petal_width = 1.199\n"
     ]
    }
   ],
   "source": [
    "for i in range(0,len(data[0])-1):\n",
    "    print(f\"Mean dari {nama_kolom[i]} = {mean(data,i)}\")"
   ]
  },
  {
   "cell_type": "markdown",
   "id": "d17adce1",
   "metadata": {},
   "source": [
    "## Mode / Modus"
   ]
  },
  {
   "cell_type": "code",
   "execution_count": 398,
   "id": "d8147bb9",
   "metadata": {},
   "outputs": [
    {
     "name": "stdout",
     "output_type": "stream",
     "text": [
      "Modus dari sepal_length = 5\n",
      "Modus dari sepal_width = 3\n",
      "Modus dari petal_length = 1.5\n",
      "Modus dari petal_width = 0.2\n"
     ]
    }
   ],
   "source": [
    "for i in range(0,len(data[0])-1):\n",
    "    print(f\"Modus dari {nama_kolom[i]} = {mode(data,i)}\")"
   ]
  },
  {
   "cell_type": "markdown",
   "id": "75022b91",
   "metadata": {},
   "source": [
    "## Median\n"
   ]
  },
  {
   "cell_type": "code",
   "execution_count": 399,
   "id": "a3f1b025",
   "metadata": {},
   "outputs": [
    {
     "name": "stdout",
     "output_type": "stream",
     "text": [
      "Median dari sepal_length = 5.8\n",
      "Median dari sepal_width = 3.0\n",
      "Median dari petal_length = 4.35\n",
      "Median dari petal_width = 1.3\n"
     ]
    }
   ],
   "source": [
    "for i in range(0,len(data[0])-1):\n",
    "    print(f\"Median dari {nama_kolom[i]} = {median(data,i)}\")"
   ]
  },
  {
   "cell_type": "markdown",
   "id": "9b6b4bab",
   "metadata": {},
   "source": [
    "## Dispertion"
   ]
  },
  {
   "cell_type": "code",
   "execution_count": 400,
   "id": "2d3bbe9f",
   "metadata": {},
   "outputs": [
    {
     "name": "stdout",
     "output_type": "stream",
     "text": [
      "Dispertion dari sepal_length = 0.828\n",
      "Dispertion dari sepal_width = 0.434\n",
      "Dispertion dari petal_length = 1.764\n",
      "Dispertion dari petal_width = 0.763\n"
     ]
    }
   ],
   "source": [
    "for i in range(0,len(data[0])-1):\n",
    "    print(f\"Dispertion dari {nama_kolom[i]} = {round(dispertion(data,i),3)}\")"
   ]
  },
  {
   "cell_type": "markdown",
   "id": "5c5a2adc",
   "metadata": {},
   "source": [
    "## Max"
   ]
  },
  {
   "cell_type": "code",
   "execution_count": 401,
   "id": "1fa1ac63",
   "metadata": {},
   "outputs": [
    {
     "name": "stdout",
     "output_type": "stream",
     "text": [
      "Max dari sepal_length = 7.9\n",
      "Max dari sepal_width = 4.4\n",
      "Max dari petal_length = 6.9\n",
      "Max dari petal_width = 2.5\n"
     ]
    }
   ],
   "source": [
    "for i in range(0,len(data[0])-1):\n",
    "    print(f\"Max dari {nama_kolom[i]} = {max(data,i)}\")"
   ]
  },
  {
   "cell_type": "markdown",
   "id": "b7ba75be",
   "metadata": {},
   "source": [
    "## Min"
   ]
  },
  {
   "cell_type": "code",
   "execution_count": 402,
   "id": "8c6cdfbc",
   "metadata": {},
   "outputs": [
    {
     "name": "stdout",
     "output_type": "stream",
     "text": [
      "Min dari sepal_length = 4.3\n",
      "Min dari sepal_width = 2.0\n",
      "Min dari petal_length = 1.0\n",
      "Min dari petal_width = 0.1\n"
     ]
    }
   ],
   "source": [
    "for i in range(0,len(data[0])-1):\n",
    "    print(f\"Min dari {nama_kolom[i]} = {min(data,i)}\")"
   ]
  },
  {
   "cell_type": "markdown",
   "id": "37e2418a",
   "metadata": {},
   "source": [
    "# Distribution"
   ]
  },
  {
   "cell_type": "markdown",
   "id": "1cf44d7a",
   "metadata": {},
   "source": [
    "## Sepal_length\n",
    "\n",
    "![sepal_length](image/sepal_length_dist.png)"
   ]
  },
  {
   "cell_type": "markdown",
   "id": "35307ff4",
   "metadata": {},
   "source": [
    "## Sepal_width\n",
    "\n",
    "![sepal_width](image/sepal_width_dist.png)"
   ]
  },
  {
   "cell_type": "markdown",
   "id": "6c56dba8",
   "metadata": {},
   "source": [
    "## Petal_length\n",
    "\n",
    "![petal_length](image/petal_length_dist.png)"
   ]
  },
  {
   "cell_type": "markdown",
   "id": "a7a0239c",
   "metadata": {},
   "source": [
    "## Petal_width\n",
    "\n",
    "![petal_width](image/petal_width_dist.png)"
   ]
  },
  {
   "cell_type": "markdown",
   "id": "0f093719",
   "metadata": {},
   "source": [
    "# Distance\n",
    "\n"
   ]
  },
  {
   "cell_type": "markdown",
   "id": "1386eb25",
   "metadata": {},
   "source": [
    "## Euclidean\n",
    "Distance adalah ukuran jarak “lurus” antara dua titik dalam ruang berdimensi n. Secara matematis, Euclidean distance antara dua titik x=(x1,x2,…,xn) dan y=(y1,y2,…,yn) dinyatakan sebagai:\n",
    "\n",
    "![rumus_euclidean](image/euclidean.png)\n",
    "\n",
    "Metrik ini mencerminkan jarak geometris antar titik dalam ruang Euclidean dan memberikan representasi langsung dari seberapa jauh dua titik berada satu sama lain dalam ruang fitur. Keunggulan Euclidean distance adalah sederhana, intuitif, serta memiliki nilai yang mudah diinterpretasikan dalam ruang berdimensi rendah hingga menengah. Euclidean distance memiliki keterbatasan. Misalnya, pada dataset berdimensi tinggi atau data dengan skala yang sangat beragam antar fitur, Euclidean distance bisa memberikan hasil yang kurang representatif, karena metrik ini cenderung sensitif terhadap skala dan variansi fitur."
   ]
  },
  {
   "cell_type": "markdown",
   "id": "16cf6eec",
   "metadata": {},
   "source": [
    "![Euclidean](image/eucli.png)"
   ]
  },
  {
   "cell_type": "code",
   "execution_count": 405,
   "id": "35f6cda0",
   "metadata": {},
   "outputs": [
    {
     "name": "stdout",
     "output_type": "stream",
     "text": [
      "[0.0, 1.182, 0.849, 1.108, 0.262, 1.042, 0.662, 0.268, 1.627, 0.968, 0.591, 0.446, 1.22, 1.525, 1.439, 2.223, 1.029, 0.132, 1.028, 0.709, 0.464, 0.536, 0.687, 0.632, 0.517, 1.169, 0.388, 0.134, 0.262, 0.854, 1.001, 0.508, 1.401, 1.69, 0.968, 0.714, 0.487, 0.968, 1.436, 0.239, 0.188, 2.874, 1.098, 0.553, 0.795, 1.22, 0.703, 0.921, 0.526, 0.479, 3.434, 2.999, 3.536, 3.497, 3.426, 2.89, 3.04, 2.968, 3.261, 2.82, 3.82, 2.782, 3.678, 3.067, 2.44, 3.166, 2.782, 2.759, 4.106, 3.024, 3.096, 2.893, 3.789, 3.056, 3.037, 3.169, 3.619, 3.631, 3.024, 2.721, 3.159, 3.087, 2.81, 3.526, 2.739, 2.782, 3.326, 3.851, 2.482, 3.142, 3.036, 2.934, 2.996, 3.163, 2.903, 2.477, 2.662, 2.919, 2.754, 2.757, 4.28, 3.684, 4.473, 3.765, 4.172, 5.051, 3.523, 4.607, 4.45, 4.777, 3.66, 3.978, 4.155, 3.96, 4.018, 3.938, 3.752, 5.14, 5.628, 4.166, 4.342, 3.544, 5.219, 3.732, 4.025, 4.269, 3.545, 3.346, 4.13, 4.179, 4.746, 5.069, 4.211, 3.477, 3.742, 5.102, 4.03, 3.634, 3.27, 4.127, 4.324, 4.204, 3.684, 4.348, 4.371, 4.171, 4.081, 3.807, 3.826, 3.337]\n",
      "[1.182, 0.0, 0.525, 0.434, 1.394, 2.191, 1.002, 0.935, 0.649, 0.272, 1.731, 0.94, 0.178, 0.758, 2.561, 3.393, 2.185, 1.19, 2.101, 1.872, 1.119, 1.66, 1.453, 0.852, 0.975, 0.166, 0.976, 1.214, 0.994, 0.535, 0.285, 1.138, 2.575, 2.87, 0.272, 0.492, 1.368, 0.272, 0.609, 0.958, 1.172, 1.697, 0.765, 1.282, 1.907, 0.179, 1.87, 0.588, 1.692, 0.704, 3.564, 3.091, 3.58, 2.727, 3.195, 2.521, 3.205, 2.05, 3.115, 2.264, 2.811, 2.633, 2.915, 2.86, 2.106, 3.197, 2.599, 2.267, 3.456, 2.342, 3.139, 2.571, 3.333, 2.753, 2.859, 3.106, 3.427, 3.584, 2.804, 2.082, 2.392, 2.296, 2.329, 3.175, 2.53, 3.022, 3.356, 3.242, 2.275, 2.48, 2.455, 2.814, 2.442, 2.217, 2.415, 2.282, 2.372, 2.712, 1.905, 2.368, 4.399, 3.331, 4.462, 3.615, 4.117, 5.07, 2.887, 4.551, 4.098, 5.098, 3.743, 3.702, 4.122, 3.476, 3.769, 4.008, 3.691, 5.563, 5.457, 3.51, 4.439, 3.241, 5.14, 3.428, 4.18, 4.388, 3.296, 3.241, 3.933, 4.174, 4.641, 5.508, 4.018, 3.232, 3.342, 5.127, 4.22, 3.636, 3.153, 4.165, 4.346, 4.241, 3.331, 4.439, 4.514, 4.13, 3.662, 3.747, 4.018, 3.214]\n",
      "[0.849, 0.525, 0.0, 0.285, 0.996, 1.86, 0.499, 0.598, 0.786, 0.377, 1.439, 0.507, 0.499, 0.693, 2.282, 3.043, 1.846, 0.859, 1.861, 1.481, 0.992, 1.287, 0.949, 0.704, 0.587, 0.612, 0.666, 0.928, 0.764, 0.17, 0.312, 1.007, 2.175, 2.508, 0.377, 0.367, 1.192, 0.377, 0.589, 0.679, 0.794, 2.101, 0.364, 0.959, 1.532, 0.5, 1.48, 0.133, 1.371, 0.434, 3.741, 3.237, 3.778, 3.119, 3.472, 2.78, 3.307, 2.426, 3.376, 2.526, 3.242, 2.823, 3.361, 3.096, 2.34, 3.395, 2.764, 2.599, 3.859, 2.72, 3.241, 2.86, 3.674, 3.033, 3.119, 3.333, 3.713, 3.795, 3.032, 2.464, 2.79, 2.708, 2.651, 3.447, 2.677, 3.065, 3.548, 3.647, 2.456, 2.831, 2.776, 3.017, 2.791, 2.621, 2.71, 2.476, 2.601, 2.965, 2.279, 2.637, 4.484, 3.575, 4.665, 3.827, 4.294, 5.281, 3.143, 4.787, 4.413, 5.16, 3.877, 3.968, 4.317, 3.759, 3.959, 4.128, 3.886, 5.612, 5.737, 3.897, 4.582, 3.441, 5.395, 3.703, 4.293, 4.554, 3.542, 3.422, 4.162, 4.396, 4.899, 5.566, 4.243, 3.494, 3.643, 5.339, 4.28, 3.798, 3.329, 4.341, 4.503, 4.411, 3.575, 4.577, 4.619, 4.317, 3.976, 3.936, 4.072, 3.38]\n",
      "[1.108, 0.434, 0.285, 0.0, 1.256, 2.109, 0.709, 0.846, 0.525, 0.386, 1.694, 0.737, 0.364, 0.505, 2.546, 3.302, 2.109, 1.116, 2.105, 1.735, 1.197, 1.538, 1.192, 0.866, 0.77, 0.539, 0.888, 1.177, 1.007, 0.268, 0.249, 1.221, 2.429, 2.769, 0.386, 0.563, 1.435, 0.386, 0.354, 0.921, 1.059, 1.863, 0.354, 1.172, 1.764, 0.364, 1.731, 0.239, 1.627, 0.672, 3.783, 3.263, 3.799, 2.955, 3.437, 2.695, 3.341, 2.215, 3.36, 2.395, 3.018, 2.796, 3.216, 3.052, 2.281, 3.419, 2.712, 2.503, 3.732, 2.581, 3.238, 2.81, 3.583, 2.97, 3.099, 3.337, 3.688, 3.793, 2.987, 2.349, 2.631, 2.546, 2.562, 3.364, 2.613, 3.108, 3.566, 3.534, 2.409, 2.689, 2.642, 2.992, 2.684, 2.412, 2.603, 2.433, 2.538, 2.933, 2.103, 2.557, 4.49, 3.487, 4.662, 3.784, 4.273, 5.285, 2.976, 4.775, 4.337, 5.221, 3.893, 3.909, 4.311, 3.643, 3.893, 4.136, 3.867, 5.692, 5.701, 3.755, 4.6, 3.361, 5.38, 3.642, 4.318, 4.577, 3.491, 3.394, 4.113, 4.399, 4.882, 5.656, 4.195, 3.441, 3.545, 5.351, 4.305, 3.789, 3.298, 4.351, 4.504, 4.426, 3.487, 4.589, 4.642, 4.311, 3.89, 3.923, 4.098, 3.34]\n",
      "[0.262, 1.394, 0.996, 1.256, 0.0, 0.902, 0.683, 0.467, 1.776, 1.173, 0.54, 0.536, 1.416, 1.641, 1.345, 2.054, 0.888, 0.293, 0.99, 0.499, 0.693, 0.375, 0.535, 0.827, 0.596, 1.394, 0.545, 0.341, 0.524, 1.001, 1.188, 0.723, 1.19, 1.514, 1.173, 0.933, 0.651, 1.173, 1.569, 0.483, 0.273, 3.073, 1.179, 0.587, 0.615, 1.416, 0.491, 1.045, 0.435, 0.695, 3.57, 3.126, 3.679, 3.702, 3.601, 3.058, 3.143, 3.163, 3.434, 2.985, 4.03, 2.929, 3.906, 3.227, 2.611, 3.316, 2.914, 2.957, 4.318, 3.23, 3.196, 3.08, 3.982, 3.233, 3.213, 3.331, 3.797, 3.776, 3.182, 2.935, 3.368, 3.301, 3.005, 3.692, 2.863, 2.86, 3.469, 4.068, 2.629, 3.336, 3.22, 3.084, 3.196, 3.366, 3.082, 2.63, 2.824, 3.092, 2.954, 2.933, 4.354, 3.835, 4.605, 3.904, 4.292, 5.182, 3.673, 4.753, 4.628, 4.838, 3.768, 4.139, 4.286, 4.124, 4.143, 4.036, 3.886, 5.19, 5.786, 4.369, 4.447, 3.678, 5.369, 3.9, 4.118, 4.386, 3.703, 3.478, 4.273, 4.323, 4.902, 5.125, 4.351, 3.642, 3.916, 5.235, 4.096, 3.753, 3.401, 4.25, 4.435, 4.325, 3.835, 4.45, 4.457, 4.298, 4.261, 3.939, 3.891, 3.461]\n",
      "[1.042, 2.191, 1.86, 2.109, 0.902, 0.0, 1.524, 1.287, 2.63, 1.99, 0.544, 1.393, 2.247, 2.526, 0.662, 1.219, 0.227, 1.017, 0.451, 0.464, 1.187, 0.599, 1.283, 1.441, 1.396, 2.155, 1.256, 0.998, 1.223, 1.847, 2.007, 1.163, 0.664, 0.771, 1.99, 1.734, 0.995, 1.99, 2.434, 1.246, 1.077, 3.868, 2.052, 1.079, 0.445, 2.216, 0.507, 1.913, 0.557, 1.503, 3.32, 2.953, 3.484, 4.103, 3.614, 3.247, 2.918, 3.723, 3.404, 3.326, 4.607, 2.969, 4.281, 3.272, 2.825, 3.162, 3.004, 3.229, 4.587, 3.6, 3.08, 3.21, 4.134, 3.348, 3.226, 3.246, 3.767, 3.642, 3.241, 3.294, 3.785, 3.738, 3.258, 3.803, 2.994, 2.625, 3.304, 4.319, 2.767, 3.69, 3.54, 3.083, 3.479, 3.923, 3.345, 2.756, 2.984, 3.143, 3.467, 3.142, 4.089, 3.946, 4.392, 3.853, 4.142, 4.92, 4.039, 4.57, 4.669, 4.373, 3.545, 4.154, 4.109, 4.31, 4.167, 3.811, 3.764, 4.639, 5.64, 4.649, 4.165, 3.778, 5.173, 3.949, 3.819, 4.092, 3.73, 3.429, 4.226, 4.126, 4.743, 4.562, 4.297, 3.674, 4.052, 4.961, 3.79, 3.599, 3.371, 4.02, 4.213, 4.089, 3.946, 4.178, 4.149, 4.126, 4.37, 3.808, 3.599, 3.44]\n",
      "[0.662, 1.002, 0.499, 0.709, 0.683, 1.524, 0.0, 0.505, 1.189, 0.828, 1.201, 0.298, 0.992, 1.042, 2.018, 2.675, 1.516, 0.649, 1.632, 1.108, 0.993, 0.933, 0.533, 0.72, 0.397, 1.058, 0.514, 0.777, 0.739, 0.508, 0.755, 0.979, 1.796, 2.152, 0.828, 0.691, 1.124, 0.828, 0.967, 0.623, 0.54, 2.548, 0.541, 0.676, 1.15, 0.956, 1.12, 0.48, 1.106, 0.552, 3.779, 3.251, 3.834, 3.403, 3.609, 2.922, 3.277, 2.738, 3.5, 2.695, 3.605, 2.892, 3.69, 3.202, 2.47, 3.459, 2.815, 2.818, 4.131, 2.989, 3.213, 3.024, 3.877, 3.186, 3.247, 3.425, 3.855, 3.862, 3.132, 2.735, 3.084, 3.016, 2.856, 3.585, 2.719, 2.984, 3.602, 3.92, 2.532, 3.072, 2.988, 3.092, 3.021, 2.954, 2.891, 2.563, 2.717, 3.09, 2.576, 2.791, 4.417, 3.686, 4.71, 3.896, 4.32, 5.331, 3.311, 4.868, 4.579, 5.065, 3.866, 4.089, 4.359, 3.912, 4.011, 4.1, 3.935, 5.505, 5.851, 4.155, 4.57, 3.515, 5.488, 3.836, 4.256, 4.568, 3.649, 3.466, 4.242, 4.468, 5.0, 5.472, 4.317, 3.618, 3.811, 5.387, 4.192, 3.816, 3.371, 4.362, 4.504, 4.427, 3.686, 4.56, 4.57, 4.35, 4.147, 3.978, 3.981, 3.414]\n",
      "[0.268, 0.935, 0.598, 0.846, 0.467, 1.287, 0.505, 0.0, 1.367, 0.717, 0.847, 0.249, 0.967, 1.282, 1.703, 2.48, 1.287, 0.299, 1.268, 0.943, 0.498, 0.753, 0.728, 0.487, 0.332, 0.927, 0.269, 0.336, 0.25, 0.59, 0.737, 0.552, 1.643, 1.949, 0.717, 0.492, 0.659, 0.717, 1.182, 0.122, 0.29, 2.622, 0.869, 0.579, 0.997, 0.967, 0.936, 0.672, 0.785, 0.238, 3.448, 2.988, 3.528, 3.311, 3.356, 2.766, 3.04, 2.742, 3.209, 2.652, 3.59, 2.707, 3.508, 2.986, 2.321, 3.153, 2.687, 2.618, 3.957, 2.851, 3.058, 2.796, 3.672, 2.957, 2.974, 3.135, 3.563, 3.599, 2.939, 2.559, 2.972, 2.896, 2.675, 3.417, 2.632, 2.787, 3.311, 3.712, 2.381, 2.969, 2.871, 2.869, 2.849, 2.938, 2.758, 2.38, 2.552, 2.843, 2.545, 2.632, 4.27, 3.571, 4.455, 3.699, 4.131, 5.044, 3.339, 4.581, 4.358, 4.829, 3.65, 3.894, 4.128, 3.825, 3.928, 3.923, 3.71, 5.219, 5.585, 4.008, 4.342, 3.435, 5.195, 3.643, 4.032, 4.277, 3.463, 3.286, 4.06, 4.164, 4.714, 5.156, 4.143, 3.395, 3.624, 5.102, 4.036, 3.601, 3.205, 4.117, 4.305, 4.196, 3.571, 4.344, 4.377, 4.142, 3.972, 3.768, 3.83, 3.266]\n",
      "[1.627, 0.649, 0.786, 0.525, 1.776, 2.63, 1.189, 1.367, 0.0, 0.775, 2.213, 1.259, 0.553, 0.338, 3.061, 3.822, 2.625, 1.632, 2.62, 2.253, 1.684, 2.054, 1.654, 1.327, 1.286, 0.771, 1.395, 1.694, 1.509, 0.792, 0.679, 1.696, 2.944, 3.289, 0.775, 1.011, 1.925, 0.775, 0.238, 1.435, 1.573, 1.402, 0.696, 1.657, 2.282, 0.553, 2.251, 0.735, 2.149, 1.177, 4.053, 3.52, 4.035, 2.826, 3.573, 2.782, 3.616, 1.995, 3.537, 2.381, 2.72, 2.97, 3.111, 3.203, 2.404, 3.659, 2.864, 2.561, 3.663, 2.53, 3.457, 2.929, 3.612, 3.09, 3.27, 3.545, 3.84, 3.989, 3.129, 2.346, 2.526, 2.436, 2.616, 3.434, 2.749, 3.405, 3.799, 3.499, 2.574, 2.63, 2.627, 3.178, 2.698, 2.176, 2.639, 2.608, 2.667, 3.095, 1.951, 2.644, 4.707, 3.538, 4.854, 3.929, 4.44, 5.485, 2.867, 4.955, 4.396, 5.517, 4.123, 4.001, 4.494, 3.625, 3.967, 4.348, 4.049, 6.028, 5.821, 3.675, 4.824, 3.427, 5.545, 3.729, 4.567, 4.823, 3.603, 3.562, 4.229, 4.607, 5.041, 6.002, 4.308, 3.565, 3.595, 5.551, 4.552, 3.994, 3.461, 4.562, 4.697, 4.632, 3.538, 4.809, 4.875, 4.486, 3.918, 4.1, 4.348, 3.495]\n",
      "[0.968, 0.272, 0.377, 0.386, 1.173, 1.99, 0.828, 0.717, 0.775, 0.0, 1.521, 0.719, 0.267, 0.796, 2.361, 3.186, 1.99, 0.994, 1.91, 1.659, 0.938, 1.464, 1.253, 0.75, 0.752, 0.297, 0.809, 1.004, 0.797, 0.364, 0.187, 1.002, 2.342, 2.651, 0.0, 0.338, 1.19, 0.0, 0.671, 0.747, 0.977, 1.935, 0.672, 1.144, 1.7, 0.375, 1.644, 0.454, 1.477, 0.499, 3.573, 3.108, 3.606, 2.91, 3.277, 2.612, 3.209, 2.251, 3.171, 2.403, 3.03, 2.696, 3.088, 2.926, 2.203, 3.226, 2.66, 2.373, 3.622, 2.498, 3.169, 2.666, 3.455, 2.828, 2.923, 3.153, 3.497, 3.633, 2.879, 2.23, 2.567, 2.473, 2.449, 3.273, 2.592, 3.01, 3.386, 3.394, 2.335, 2.64, 2.585, 2.863, 2.577, 2.427, 2.535, 2.333, 2.45, 2.779, 2.108, 2.47, 4.428, 3.441, 4.51, 3.678, 4.174, 5.108, 3.043, 4.596, 4.203, 5.09, 3.775, 3.799, 4.177, 3.616, 3.874, 4.049, 3.74, 5.524, 5.536, 3.669, 4.473, 3.345, 5.195, 3.531, 4.195, 4.401, 3.389, 3.302, 4.018, 4.206, 4.701, 5.464, 4.105, 3.308, 3.437, 5.175, 4.236, 3.671, 3.217, 4.209, 4.398, 4.294, 3.441, 4.471, 4.543, 4.197, 3.791, 3.806, 4.032, 3.273]\n",
      "[0.591, 1.731, 1.439, 1.694, 0.54, 0.544, 1.201, 0.847, 2.213, 1.521, 0.0, 1.007, 1.781, 2.114, 0.864, 1.681, 0.543, 0.606, 0.465, 0.45, 0.704, 0.448, 1.036, 1.076, 1.031, 1.692, 0.889, 0.522, 0.738, 1.436, 1.569, 0.743, 0.965, 1.164, 1.521, 1.266, 0.492, 1.521, 2.026, 0.784, 0.693, 3.423, 1.679, 0.855, 0.553, 1.781, 0.434, 1.51, 0.121, 1.047, 3.302, 2.94, 3.449, 3.825, 3.485, 3.078, 2.958, 3.402, 3.278, 3.125, 4.255, 2.877, 3.963, 3.154, 2.647, 3.103, 2.919, 2.981, 4.339, 3.322, 3.107, 3.028, 3.945, 3.177, 3.087, 3.155, 3.637, 3.6, 3.129, 3.003, 3.489, 3.426, 3.03, 3.67, 2.908, 2.704, 3.263, 4.063, 2.639, 3.441, 3.309, 2.99, 3.236, 3.59, 3.141, 2.616, 2.831, 3.0, 3.158, 2.958, 4.213, 3.844, 4.402, 3.805, 4.16, 4.939, 3.857, 4.54, 4.539, 4.561, 3.594, 4.061, 4.114, 4.173, 4.139, 3.887, 3.742, 4.847, 5.595, 4.412, 4.24, 3.707, 5.144, 3.836, 3.911, 4.132, 3.637, 3.393, 4.182, 4.093, 4.696, 4.755, 4.262, 3.556, 3.89, 4.986, 3.935, 3.606, 3.332, 4.05, 4.269, 4.13, 3.844, 4.256, 4.266, 4.143, 4.226, 3.799, 3.738, 3.408]\n",
      "[0.446, 0.94, 0.507, 0.737, 0.536, 1.393, 0.298, 0.249, 1.259, 0.719, 1.007, 0.0, 0.941, 1.149, 1.857, 2.573, 1.402, 0.466, 1.438, 1.005, 0.729, 0.829, 0.625, 0.587, 0.171, 0.956, 0.357, 0.541, 0.498, 0.478, 0.694, 0.775, 1.697, 2.039, 0.719, 0.569, 0.895, 0.719, 1.058, 0.368, 0.398, 2.58, 0.691, 0.625, 1.043, 0.941, 0.995, 0.534, 0.924, 0.353, 3.594, 3.101, 3.661, 3.34, 3.464, 2.816, 3.139, 2.721, 3.331, 2.657, 3.58, 2.783, 3.576, 3.068, 2.38, 3.288, 2.728, 2.687, 4.029, 2.896, 3.119, 2.892, 3.753, 3.04, 3.09, 3.262, 3.688, 3.713, 3.016, 2.625, 3.006, 2.933, 2.744, 3.477, 2.651, 2.868, 3.438, 3.797, 2.432, 3.002, 2.9, 2.956, 2.913, 2.929, 2.801, 2.442, 2.609, 2.944, 2.55, 2.689, 4.332, 3.612, 4.566, 3.774, 4.211, 5.167, 3.31, 4.7, 4.447, 4.937, 3.745, 3.975, 4.23, 3.857, 3.966, 4.004, 3.801, 5.343, 5.7, 4.06, 4.445, 3.463, 5.319, 3.725, 4.128, 4.4, 3.542, 3.359, 4.136, 4.291, 4.837, 5.295, 4.217, 3.481, 3.684, 5.233, 4.105, 3.686, 3.272, 4.228, 4.397, 4.307, 3.612, 4.439, 4.466, 4.24, 4.047, 3.86, 3.896, 3.32]\n",
      "[1.22, 0.178, 0.499, 0.364, 1.416, 2.247, 0.992, 0.967, 0.553, 0.267, 1.781, 0.941, 0.0, 0.629, 2.618, 3.442, 2.241, 1.241, 2.171, 1.906, 1.196, 1.707, 1.434, 0.959, 0.977, 0.298, 1.04, 1.263, 1.053, 0.509, 0.289, 1.242, 2.591, 2.906, 0.267, 0.55, 1.442, 0.267, 0.505, 1.004, 1.212, 1.682, 0.685, 1.358, 1.948, 0.263, 1.894, 0.539, 1.736, 0.747, 3.71, 3.236, 3.726, 2.832, 3.34, 2.646, 3.346, 2.123, 3.258, 2.379, 2.87, 2.776, 3.021, 2.996, 2.248, 3.345, 2.727, 2.389, 3.578, 2.456, 3.275, 2.715, 3.464, 2.882, 3.004, 3.254, 3.571, 3.731, 2.944, 2.208, 2.498, 2.399, 2.462, 3.304, 2.651, 3.157, 3.503, 3.367, 2.406, 2.595, 2.565, 2.952, 2.57, 2.292, 2.54, 2.412, 2.504, 2.854, 2.007, 2.501, 4.538, 3.461, 4.608, 3.75, 4.259, 5.213, 2.981, 4.69, 4.231, 5.243, 3.89, 3.842, 4.27, 3.601, 3.906, 4.155, 3.831, 5.7, 5.6, 3.623, 4.587, 3.371, 5.282, 3.57, 4.323, 4.529, 3.439, 3.382, 4.074, 4.314, 4.784, 5.646, 4.16, 3.367, 3.459, 5.279, 4.36, 3.774, 3.294, 4.315, 4.495, 4.397, 3.461, 4.584, 4.661, 4.283, 3.799, 3.893, 4.157, 3.347]\n",
      "[1.525, 0.758, 0.693, 0.505, 1.641, 2.526, 1.042, 1.282, 0.338, 0.796, 2.114, 1.149, 0.629, 0.0, 2.946, 3.686, 2.506, 1.542, 2.548, 2.118, 1.663, 1.942, 1.443, 1.347, 1.203, 0.904, 1.346, 1.612, 1.446, 0.74, 0.72, 1.685, 2.778, 3.141, 0.796, 0.977, 1.866, 0.796, 0.212, 1.366, 1.463, 1.663, 0.509, 1.604, 2.175, 0.682, 2.113, 0.627, 2.04, 1.117, 4.246, 3.717, 4.248, 3.154, 3.83, 3.053, 3.8, 2.328, 3.778, 2.67, 3.055, 3.203, 3.433, 3.453, 2.655, 3.868, 3.1, 2.845, 3.982, 2.844, 3.66, 3.191, 3.908, 3.354, 3.512, 3.77, 4.092, 4.22, 3.38, 2.646, 2.851, 2.761, 2.9, 3.713, 2.984, 3.567, 4.012, 3.81, 2.808, 2.943, 2.93, 3.411, 2.995, 2.512, 2.926, 2.842, 2.921, 3.341, 2.275, 2.914, 4.907, 3.816, 5.087, 4.18, 4.678, 5.718, 3.166, 5.197, 4.684, 5.685, 4.329, 4.273, 4.728, 3.922, 4.224, 4.557, 4.285, 6.178, 6.089, 3.997, 5.035, 3.689, 5.795, 4.003, 4.765, 5.032, 3.865, 3.798, 4.49, 4.835, 5.292, 6.147, 4.568, 3.828, 3.884, 5.782, 4.735, 4.217, 3.697, 4.783, 4.92, 4.85, 3.816, 5.022, 5.074, 4.719, 4.211, 4.334, 4.528, 3.732]\n",
      "[1.439, 2.561, 2.282, 2.546, 1.345, 0.662, 2.018, 1.703, 3.061, 2.361, 0.864, 1.857, 2.618, 2.946, 0.0, 0.985, 0.601, 1.445, 0.572, 0.99, 1.498, 1.14, 1.727, 1.892, 1.886, 2.519, 1.729, 1.377, 1.572, 2.292, 2.421, 1.504, 0.792, 0.599, 2.361, 2.09, 1.214, 2.361, 2.87, 1.636, 1.517, 4.24, 2.512, 1.615, 1.078, 2.618, 0.992, 2.356, 0.937, 1.892, 3.463, 3.225, 3.67, 4.499, 3.884, 3.652, 3.216, 4.175, 3.64, 3.798, 5.017, 3.347, 4.588, 3.614, 3.239, 3.366, 3.443, 3.588, 4.902, 3.983, 3.472, 3.531, 4.446, 3.678, 3.494, 3.478, 3.982, 3.886, 3.603, 3.651, 4.174, 4.119, 3.624, 4.173, 3.469, 2.983, 3.523, 4.61, 3.198, 4.1, 3.959, 3.422, 3.842, 4.353, 3.756, 3.164, 3.391, 3.452, 3.901, 3.54, 4.426, 4.355, 4.607, 4.187, 4.454, 5.078, 4.544, 4.756, 4.951, 4.544, 3.83, 4.473, 4.364, 4.727, 4.582, 4.125, 4.059, 4.714, 5.825, 5.0, 4.402, 4.219, 5.329, 4.274, 4.075, 4.263, 4.069, 3.787, 4.554, 4.297, 4.922, 4.587, 4.628, 3.99, 4.402, 5.103, 4.114, 3.908, 3.746, 4.25, 4.49, 4.32, 4.355, 4.435, 4.417, 4.398, 4.699, 4.105, 3.936, 3.836]\n",
      "[2.223, 3.393, 3.043, 3.302, 2.054, 1.219, 2.675, 2.48, 3.822, 3.186, 1.681, 2.573, 3.442, 3.686, 0.985, 0.0, 1.219, 2.211, 1.4, 1.573, 2.361, 1.776, 2.314, 2.654, 2.583, 3.36, 2.466, 2.185, 2.408, 3.042, 3.212, 2.343, 1.003, 0.589, 3.186, 2.921, 2.117, 3.186, 3.614, 2.441, 2.256, 5.076, 3.206, 2.266, 1.584, 3.422, 1.591, 3.092, 1.711, 2.697, 3.903, 3.665, 4.123, 5.206, 4.455, 4.245, 3.58, 4.902, 4.213, 4.409, 5.786, 3.874, 5.357, 4.162, 3.859, 3.87, 3.939, 4.278, 5.594, 4.697, 3.832, 4.167, 5.069, 4.285, 4.087, 4.017, 4.553, 4.342, 4.145, 4.39, 4.903, 4.865, 4.297, 4.721, 3.954, 3.3, 3.991, 5.317, 3.755, 4.777, 4.609, 3.946, 4.528, 5.1, 4.388, 3.737, 3.976, 4.044, 4.63, 4.159, 4.603, 4.855, 4.964, 4.626, 4.799, 5.405, 5.109, 5.162, 5.493, 4.604, 4.156, 4.975, 4.738, 5.266, 4.983, 4.398, 4.472, 4.707, 6.237, 5.666, 4.667, 4.679, 5.723, 4.81, 4.319, 4.577, 4.581, 4.226, 4.986, 4.719, 5.355, 4.608, 5.047, 4.53, 4.976, 5.427, 4.271, 4.282, 4.188, 4.592, 4.783, 4.648, 4.855, 4.69, 4.614, 4.758, 5.265, 4.505, 4.11, 4.259]\n",
      "[1.029, 2.185, 1.846, 2.109, 0.888, 0.227, 1.516, 1.287, 2.625, 1.99, 0.543, 1.402, 2.241, 2.506, 0.601, 1.219, 0.0, 1.004, 0.505, 0.464, 1.208, 0.598, 1.232, 1.459, 1.433, 2.161, 1.266, 0.998, 1.212, 1.854, 2.013, 1.163, 0.664, 0.754, 1.99, 1.711, 0.969, 1.99, 2.423, 1.246, 1.053, 3.861, 2.039, 1.091, 0.549, 2.21, 0.532, 1.906, 0.557, 1.495, 3.442, 3.081, 3.608, 4.181, 3.723, 3.364, 3.057, 3.785, 3.519, 3.417, 4.662, 3.085, 4.356, 3.396, 2.919, 3.278, 3.13, 3.331, 4.67, 3.685, 3.215, 3.309, 4.239, 3.469, 3.336, 3.359, 3.878, 3.764, 3.359, 3.372, 3.863, 3.813, 3.352, 3.924, 3.12, 2.769, 3.426, 4.405, 2.886, 3.777, 3.644, 3.21, 3.57, 3.982, 3.448, 2.88, 3.099, 3.256, 3.522, 3.247, 4.229, 4.062, 4.519, 3.988, 4.274, 5.052, 4.134, 4.704, 4.787, 4.507, 3.674, 4.27, 4.233, 4.414, 4.277, 3.938, 3.899, 4.781, 5.762, 4.745, 4.293, 3.893, 5.301, 4.059, 3.959, 4.232, 3.842, 3.554, 4.35, 4.258, 4.867, 4.698, 4.419, 3.798, 4.18, 5.079, 3.927, 3.74, 3.495, 4.143, 4.336, 4.201, 4.062, 4.312, 4.278, 4.24, 4.472, 3.932, 3.736, 3.572]\n",
      "[0.132, 1.19, 0.859, 1.116, 0.293, 1.017, 0.649, 0.299, 1.632, 0.994, 0.606, 0.466, 1.241, 1.542, 1.445, 2.211, 1.004, 0.0, 1.02, 0.696, 0.482, 0.485, 0.7, 0.559, 0.534, 1.176, 0.314, 0.188, 0.293, 0.864, 1.01, 0.454, 1.419, 1.695, 0.994, 0.726, 0.505, 0.994, 1.442, 0.273, 0.134, 2.871, 1.106, 0.429, 0.762, 1.213, 0.716, 0.931, 0.542, 0.497, 3.376, 2.926, 3.474, 3.444, 3.362, 2.826, 2.962, 2.924, 3.205, 2.748, 3.786, 2.703, 3.643, 3.001, 2.364, 3.102, 2.703, 2.711, 4.053, 2.975, 3.008, 2.829, 3.731, 3.002, 2.976, 3.106, 3.563, 3.561, 2.952, 2.672, 3.111, 3.044, 2.751, 3.459, 2.659, 2.696, 3.26, 3.804, 2.407, 3.083, 2.981, 2.865, 2.94, 3.121, 2.839, 2.409, 2.593, 2.856, 2.7, 2.69, 4.188, 3.605, 4.401, 3.693, 4.09, 4.987, 3.451, 4.549, 4.39, 4.695, 3.576, 3.905, 4.077, 3.883, 3.924, 3.847, 3.68, 5.073, 5.564, 4.113, 4.259, 3.457, 5.161, 3.66, 3.945, 4.205, 3.468, 3.265, 4.051, 4.123, 4.686, 5.008, 4.13, 3.414, 3.688, 5.032, 3.937, 3.559, 3.187, 4.049, 4.236, 4.119, 3.605, 4.266, 4.281, 4.085, 4.011, 3.726, 3.731, 3.255]\n",
      "[1.028, 2.101, 1.861, 2.105, 0.99, 0.451, 1.632, 1.268, 2.62, 1.91, 0.465, 1.438, 2.171, 2.548, 0.572, 1.4, 0.505, 1.02, 0.0, 0.736, 1.004, 0.782, 1.472, 1.392, 1.442, 2.041, 1.264, 0.938, 1.128, 1.848, 1.958, 1.01, 0.965, 0.98, 1.91, 1.657, 0.781, 1.91, 2.445, 1.19, 1.12, 3.77, 2.116, 1.167, 0.747, 2.155, 0.741, 1.937, 0.565, 1.451, 3.067, 2.77, 3.247, 3.943, 3.391, 3.101, 2.775, 3.62, 3.158, 3.24, 4.467, 2.828, 4.049, 3.094, 2.692, 2.923, 2.91, 3.033, 4.37, 3.426, 2.997, 3.004, 3.922, 3.145, 2.995, 3.011, 3.511, 3.436, 3.081, 3.099, 3.617, 3.562, 3.075, 3.643, 2.93, 2.539, 3.081, 4.082, 2.652, 3.542, 3.396, 2.91, 3.292, 3.8, 3.2, 2.617, 2.844, 2.936, 3.351, 2.99, 4.027, 3.828, 4.197, 3.698, 4.006, 4.701, 3.989, 4.339, 4.455, 4.26, 3.407, 3.976, 3.934, 4.192, 4.09, 3.708, 3.595, 4.495, 5.408, 4.455, 4.017, 3.698, 4.93, 3.769, 3.686, 3.885, 3.566, 3.296, 4.073, 3.884, 4.503, 4.388, 4.151, 3.48, 3.867, 4.741, 3.732, 3.45, 3.249, 3.843, 4.079, 3.924, 3.828, 4.041, 4.044, 3.971, 4.186, 3.65, 3.545, 3.334]\n",
      "[0.709, 1.872, 1.481, 1.735, 0.499, 0.464, 1.108, 0.943, 2.253, 1.659, 0.45, 1.005, 1.906, 2.118, 0.99, 1.573, 0.464, 0.696, 0.736, 0.0, 1.01, 0.266, 0.824, 1.192, 1.029, 1.861, 0.945, 0.717, 0.945, 1.477, 1.667, 1.003, 0.752, 1.054, 1.659, 1.41, 0.864, 1.659, 2.044, 0.935, 0.714, 3.548, 1.636, 0.81, 0.263, 1.887, 0.144, 1.521, 0.36, 1.172, 3.554, 3.132, 3.689, 4.004, 3.718, 3.243, 3.112, 3.528, 3.532, 3.232, 4.415, 3.036, 4.214, 3.347, 2.803, 3.346, 3.032, 3.198, 4.57, 3.519, 3.206, 3.251, 4.17, 3.395, 3.329, 3.397, 3.9, 3.813, 3.305, 3.222, 3.68, 3.624, 3.234, 3.844, 2.993, 2.807, 3.491, 4.314, 2.777, 3.61, 3.474, 3.177, 3.443, 3.736, 3.306, 2.777, 2.992, 3.222, 3.299, 3.13, 4.286, 3.977, 4.601, 3.972, 4.305, 5.159, 3.925, 4.773, 4.762, 4.68, 3.741, 4.249, 4.295, 4.306, 4.229, 3.999, 3.92, 4.992, 5.829, 4.62, 4.394, 3.802, 5.387, 4.027, 4.051, 4.34, 3.813, 3.539, 4.344, 4.336, 4.938, 4.927, 4.417, 3.761, 4.087, 5.207, 4.004, 3.764, 3.468, 4.231, 4.41, 4.3, 3.977, 4.399, 4.379, 4.305, 4.421, 3.966, 3.804, 3.528]\n",
      "[0.464, 1.119, 0.992, 1.197, 0.693, 1.187, 0.993, 0.498, 1.684, 0.938, 0.704, 0.729, 1.196, 1.663, 1.498, 2.361, 1.208, 0.482, 1.004, 1.01, 0.0, 0.835, 1.146, 0.584, 0.736, 1.046, 0.555, 0.354, 0.296, 0.967, 1.007, 0.287, 1.647, 1.863, 0.938, 0.728, 0.346, 0.938, 1.541, 0.38, 0.598, 2.781, 1.317, 0.755, 1.035, 1.196, 0.996, 1.087, 0.715, 0.564, 3.062, 2.672, 3.166, 3.209, 3.057, 2.585, 2.747, 2.766, 2.875, 2.595, 3.588, 2.484, 3.324, 2.731, 2.158, 2.795, 2.525, 2.414, 3.756, 2.713, 2.849, 2.539, 3.43, 2.699, 2.662, 2.796, 3.225, 3.279, 2.706, 2.39, 2.862, 2.786, 2.48, 3.206, 2.513, 2.54, 2.966, 3.481, 2.207, 2.856, 2.744, 2.605, 2.665, 2.941, 2.607, 2.177, 2.363, 2.561, 2.533, 2.452, 4.046, 3.405, 4.129, 3.446, 3.872, 4.688, 3.335, 4.232, 4.085, 4.515, 3.367, 3.644, 3.828, 3.688, 3.777, 3.674, 3.425, 4.862, 5.25, 3.832, 4.04, 3.302, 4.836, 3.399, 3.736, 3.921, 3.225, 3.052, 3.815, 3.8, 4.365, 4.774, 3.903, 3.127, 3.399, 4.745, 3.805, 3.324, 2.986, 3.802, 4.032, 3.893, 3.405, 4.053, 4.107, 3.864, 3.747, 3.493, 3.605, 3.064]\n",
      "[0.536, 1.66, 1.287, 1.538, 0.375, 0.599, 0.933, 0.753, 2.054, 1.464, 0.448, 0.829, 1.707, 1.942, 1.14, 1.776, 0.598, 0.485, 0.782, 0.266, 0.835, 0.0, 0.755, 0.942, 0.858, 1.647, 0.708, 0.546, 0.755, 1.283, 1.461, 0.784, 1.013, 1.282, 1.464, 1.205, 0.728, 1.464, 1.851, 0.743, 0.509, 3.325, 1.463, 0.55, 0.325, 1.667, 0.355, 1.334, 0.357, 0.972, 3.418, 2.97, 3.538, 3.762, 3.523, 3.029, 2.962, 3.283, 3.352, 2.994, 4.171, 2.831, 3.985, 3.152, 2.574, 3.184, 2.828, 2.981, 4.339, 3.285, 3.032, 3.037, 3.957, 3.197, 3.138, 3.221, 3.719, 3.643, 3.101, 2.988, 3.441, 3.387, 3.007, 3.637, 2.786, 2.659, 3.331, 4.091, 2.565, 3.372, 3.247, 2.988, 3.214, 3.49, 3.079, 2.573, 2.778, 3.024, 3.048, 2.907, 4.141, 3.763, 4.445, 3.79, 4.134, 5.021, 3.688, 4.623, 4.565, 4.582, 3.583, 4.049, 4.128, 4.079, 4.021, 3.839, 3.75, 4.933, 5.664, 4.392, 4.248, 3.588, 5.238, 3.821, 3.915, 4.213, 3.609, 3.35, 4.154, 4.192, 4.779, 4.875, 4.226, 3.569, 3.888, 5.063, 3.867, 3.602, 3.275, 4.075, 4.248, 4.138, 3.763, 4.253, 4.237, 4.13, 4.205, 3.789, 3.664, 3.339]\n",
      "[0.687, 1.453, 0.949, 1.192, 0.535, 1.283, 0.533, 0.728, 1.654, 1.253, 1.036, 0.625, 1.434, 1.443, 1.727, 2.314, 1.232, 0.7, 1.472, 0.824, 1.146, 0.755, 0.0, 1.079, 0.732, 1.51, 0.797, 0.814, 0.892, 0.994, 1.231, 1.142, 1.401, 1.779, 1.253, 1.051, 1.127, 1.253, 1.42, 0.814, 0.579, 3.019, 0.973, 0.826, 0.955, 1.434, 0.835, 0.953, 0.924, 0.877, 4.029, 3.535, 4.117, 3.905, 3.98, 3.355, 3.542, 3.265, 3.844, 3.174, 4.131, 3.263, 4.17, 3.584, 2.894, 3.748, 3.207, 3.266, 4.598, 3.474, 3.526, 3.425, 4.309, 3.589, 3.605, 3.746, 4.206, 4.18, 3.519, 3.204, 3.583, 3.516, 3.302, 4.005, 3.123, 3.231, 3.895, 4.374, 2.933, 3.56, 3.467, 3.451, 3.48, 3.479, 3.349, 2.958, 3.132, 3.464, 3.089, 3.226, 4.686, 4.109, 5.012, 4.259, 4.648, 5.615, 3.803, 5.181, 4.984, 5.242, 4.148, 4.48, 4.672, 4.364, 4.399, 4.384, 4.267, 5.635, 6.193, 4.634, 4.837, 3.927, 5.801, 4.234, 4.511, 4.826, 4.035, 3.818, 4.612, 4.764, 5.324, 5.59, 4.685, 4.004, 4.242, 5.664, 4.435, 4.132, 3.729, 4.649, 4.799, 4.709, 4.109, 4.833, 4.822, 4.662, 4.571, 4.306, 4.227, 3.778]\n",
      "[0.632, 0.852, 0.704, 0.866, 0.827, 1.441, 0.72, 0.487, 1.327, 0.75, 1.076, 0.587, 0.959, 1.347, 1.892, 2.654, 1.459, 0.559, 1.392, 1.192, 0.584, 0.942, 1.079, 0.0, 0.596, 0.81, 0.298, 0.631, 0.503, 0.669, 0.711, 0.464, 1.931, 2.18, 0.75, 0.552, 0.81, 0.75, 1.187, 0.472, 0.592, 2.45, 0.991, 0.5, 1.17, 0.844, 1.224, 0.778, 1.042, 0.447, 3.108, 2.607, 3.164, 2.899, 2.943, 2.346, 2.667, 2.378, 2.825, 2.215, 3.246, 2.274, 3.132, 2.575, 1.87, 2.781, 2.261, 2.223, 3.538, 2.446, 2.65, 2.371, 3.253, 2.561, 2.575, 2.746, 3.176, 3.202, 2.511, 2.152, 2.572, 2.509, 2.249, 2.991, 2.208, 2.422, 2.935, 3.307, 1.954, 2.545, 2.463, 2.463, 2.429, 2.575, 2.329, 1.969, 2.124, 2.434, 2.144, 2.199, 3.874, 3.126, 4.06, 3.288, 3.714, 4.674, 2.917, 4.21, 3.943, 4.487, 3.25, 3.462, 3.718, 3.372, 3.469, 3.511, 3.309, 4.934, 5.186, 3.594, 3.948, 2.985, 4.821, 3.205, 3.655, 3.927, 3.024, 2.86, 3.628, 3.806, 4.33, 4.888, 3.706, 2.987, 3.226, 4.719, 3.651, 3.207, 2.775, 3.718, 3.89, 3.783, 3.126, 3.951, 3.981, 3.715, 3.528, 3.348, 3.444, 2.843]\n",
      "[0.517, 0.975, 0.587, 0.77, 0.596, 1.396, 0.397, 0.332, 1.286, 0.752, 1.031, 0.171, 0.977, 1.203, 1.886, 2.583, 1.433, 0.534, 1.442, 1.029, 0.736, 0.858, 0.732, 0.596, 0.0, 0.971, 0.396, 0.584, 0.563, 0.507, 0.715, 0.806, 1.711, 2.056, 0.752, 0.656, 0.943, 0.752, 1.099, 0.43, 0.496, 2.597, 0.752, 0.648, 1.029, 0.977, 1.01, 0.594, 0.95, 0.439, 3.514, 3.014, 3.577, 3.273, 3.383, 2.719, 3.047, 2.666, 3.247, 2.577, 3.532, 2.696, 3.515, 2.973, 2.304, 3.209, 2.628, 2.6, 3.962, 2.823, 3.023, 2.815, 3.671, 2.944, 3.009, 3.182, 3.607, 3.627, 2.926, 2.56, 2.939, 2.867, 2.667, 3.382, 2.548, 2.773, 3.353, 3.728, 2.336, 2.928, 2.81, 2.861, 2.837, 2.877, 2.714, 2.342, 2.516, 2.859, 2.502, 2.602, 4.236, 3.521, 4.477, 3.674, 4.116, 5.075, 3.228, 4.605, 4.357, 4.85, 3.657, 3.887, 4.143, 3.774, 3.883, 3.916, 3.704, 5.252, 5.611, 3.982, 4.358, 3.374, 5.228, 3.642, 4.034, 4.305, 3.457, 3.267, 4.044, 4.198, 4.749, 5.208, 4.127, 3.386, 3.581, 5.151, 4.013, 3.586, 3.181, 4.143, 4.311, 4.231, 3.521, 4.347, 4.379, 4.16, 3.968, 3.772, 3.804, 3.221]\n",
      "[1.169, 0.166, 0.612, 0.539, 1.394, 2.155, 1.058, 0.927, 0.771, 0.297, 1.692, 0.956, 0.298, 0.904, 2.519, 3.36, 2.161, 1.176, 2.041, 1.861, 1.046, 1.647, 1.51, 0.81, 0.971, 0.0, 0.962, 1.184, 0.963, 0.588, 0.335, 1.079, 2.561, 2.844, 0.297, 0.516, 1.317, 0.297, 0.747, 0.935, 1.177, 1.743, 0.879, 1.271, 1.881, 0.298, 1.855, 0.679, 1.661, 0.703, 3.419, 2.956, 3.436, 2.636, 3.058, 2.397, 3.076, 1.996, 2.969, 2.178, 2.761, 2.51, 2.804, 2.726, 1.993, 3.054, 2.485, 2.133, 3.345, 2.232, 3.024, 2.439, 3.205, 2.613, 2.718, 2.964, 3.283, 3.446, 2.677, 1.963, 2.294, 2.197, 2.205, 3.05, 2.425, 2.904, 3.215, 3.121, 2.155, 2.38, 2.343, 2.679, 2.322, 2.16, 2.301, 2.153, 2.248, 2.574, 1.841, 2.247, 4.287, 3.222, 4.325, 3.484, 3.992, 4.926, 2.822, 4.404, 3.965, 4.974, 3.618, 3.575, 3.991, 3.377, 3.673, 3.892, 3.557, 5.429, 5.318, 3.4, 4.311, 3.142, 4.994, 3.304, 4.051, 4.244, 3.173, 3.119, 3.81, 4.025, 4.497, 5.37, 3.898, 3.096, 3.209, 4.988, 4.109, 3.504, 3.034, 4.034, 4.224, 4.117, 3.222, 4.311, 4.395, 4.008, 3.544, 3.62, 3.908, 3.095]\n",
